2006800379 (47903 * 41893)
2712698987 (56629 * 47903)
3496850603 (83471 * 41893)
7125168031 (83471 * 85361)
8066887853 (83471 * 96643)
5055347299 (47903 * 105533)
11910607447 (109379 * 108893)
1088930042577163 (10000000391 * 108893)
9000021851307237353 (10000003957 * 900001829)
78274633321126621 (932479477 * 83942473)
151303445596103095416789609238173284269579 (162259276829213363391578010288127 * 932479477)
4010562920659688739559 (92143179329*43525336871)
128100568849601109947 (546346651 * 234467564897)
19141768100196126754723 (243634575677 * 78567535199)
620103969508711077539771 (934959835567 * 663241292213)
3294821935281346288451 (3567844471 * 923476895381)
149103695901401695096483 (459389056459 * 324569542537)
411428843355197370127147 (458967082583 * 896423423309)
111043848732889397893753 (123874327517 * 896423423309)
210899789024617014699323 (435786090743 * 483952548061)
225208674445529131552007 (273145043629 * 824502145283)
237709126952033028530801 (834259345643 * 284934329107)
129538146780204263764988597023450736273870518874315917777 (439351292910452432574786963588089477522344721 * 294839571137)
70494666353940890021481873015457925565543799900774918188094953002265144227 (439351292910452432574786963588089477522344721 * 160451710263451871449913033587)
117915421845965550190197757943437030949052590757116844283327 (734896634335375151516308294021 * 160451710263451871449913033587)
822805691518638370701754617820213078291698592304732222526199 (855401807112494689275609889483 * 961893796198668103798205589253)
206562917385589598292760094946127386826684277839895710049743 (356675831525318023001609903453 * 579133485165582584180042395931)
3016478557532306924193732845928106543879 (40832677468205288063 * 73874130832618400633)
1048566755623450615217971900029190883177 (12564418074337224091 * 83455258287301359947)
57656919019563646823177498013358052591782863268063 (7798125402403122051411479 * 7393689642615353197797497)
111938555573387283360578105303059747990958911871 (451382449615424683254467 * 247990491585922991051413)
334145907915212892675583756979279698976731383859 (864750849966655758579097 * 386407145975164228907947)
3972904938953047354093882811257023217655525544480949 (55181009679761612289852091 * 71997684747152504754543439)
762593260022285282235102822380369529480757703458363 (15348937166541308200263413 * 49683782775828912608791151)
879403991259027108291124555445154417920979292439499269 (929985072608489005511116981 * 945610867486734552588191249)