2006800379
2712698987
3496850603
5055347299
7125168031
8066887853
11910607447
1088930042577163
78274633321126621
9000021851307237353
128100568849601109947
3294821935281346288451
4010562920659688739559
19141768100196126754723
111043848732889397893753
149103695901401695096483
210899789024617014699323
225208674445529131552007
237709126952033028530801
411428843355197370127147
620103969508711077539771
151303445596103095416789609238173284269579
129538146780204263764988597023450736273870518874315917777
70494666353940890021481873015457925565543799900774918188094953002265144227
